24 13 0 42 0 0 45 26 11 0 18 12 33 32 0 14 46 40 0 39 8 38 3 0 0 36 2 49 0 47 15 48 0 29 0 0 1 0 0 9 0 21 35 0 28 7 19 10 0
0 8 35 14 31 43 0 23 25 0 0 41 2 7 0 0 0 6 28 10 15 26 0 29 32 24 18 20 40 0 33 30 0 1 4 45 39 11 0 0 38 37 42 21 0 9 3 0 0
2 22 29 7 36 32 11 0 45 0 4 0 24 6 49 48 38 41 26 0 12 19 17 8 25 0 28 0 0 13 0 0 46 0 0 14 33 0 27 0 0 34 31 0 37 23 0 47 0
0 0 0 0 38 3 15 42 0 39 0 46 0 0 16 0 0 36 7 43 21 0 10 31 6 9 44 33 18 0 34 37 11 25 0 0 28 41 0 0 48 32 0 22 0 20 0 0 26
49 33 34 19 20 28 21 9 10 29 0 3 38 48 0 23 0 0 18 1 11 41 13 0 37 35 14 4 24 0 0 39 0 0 22 0 0 0 8 40 36 7 43 0 46 0 0 16 0
16 0 0 26 39 0 0 0 15 14 40 37 27 36 30 0 0 0 35 0 3 11 1 46 0 34 7 12 32 0 0 0 28 31 0 0 2 0 10 42 0 6 0 29 25 0 49 13 38
0 6 10 9 46 12 27 0 49 22 0 0 0 21 13 42 0 31 37 34 0 30 40 0 23 48 45 0 0 0 38 0 0 0 7 18 0 20 0 3 0 29 0 36 0 17 0 0 1
0 29 48 2 0 18 24 0 34 0 46 0 15 0 41 28 49 0 36 27 30 31 14 22 0 0 0 13 0 25 19 1 44 0 23 9 4 0 47 11 0 35 37 0 42 10 0 20 16
0 45 22 25 0 26 0 28 14 0 21 7 0 10 15 44 6 0 0 0 17 39 16 0 35 4 11 0 48 18 24 34 20 8 9 27 0 13 2 38 29 1 46 0 12 0 43 0 0
12 11 43 0 9 21 34 16 0 4 2 29 26 0 38 0 35 0 10 0 0 32 24 17 0 6 25 0 5 0 41 40 45 27 14 8 0 0 0 0 20 30 3 19 49 0 0 1 0
0 20 46 37 4 0 0 43 40 0 22 24 0 11 0 0 0 29 0 0 9 18 0 0 0 0 0 0 31 28 0 21 0 12 26 19 0 0 45 7 39 0 30 8 23 0 17 0 35
28 0 16 0 0 14 0 0 0 20 27 17 19 23 31 0 12 26 21 37 4 48 0 36 0 0 0 0 0 0 30 10 0 35 49 25 0 22 41 34 15 43 9 0 0 0 7 0 44
0 23 38 0 35 0 36 32 31 0 0 49 39 47 1 20 0 0 22 0 0 5 0 0 33 15 26 8 0 0 0 0 0 11 42 0 21 0 0 10 44 16 0 28 0 0 6 0 0
13 0 44 27 17 0 39 48 1 42 0 35 0 41 47 7 0 0 46 8 24 0 0 0 20 28 0 0 0 38 0 33 0 0 0 0 0 0 0 0 23 0 0 25 40 45 4 31 21
0 43 4 0 40 0 35 0 12 33 0 0 46 28 0 18 0 5 39 19 0 0 6 32 0 30 41 21 1 22 26 11 49 7 47 24 42 29 0 0 45 0 44 14 16 0 0 0 13
0 0 0 0 48 46 20 7 0 0 0 0 3 35 0 0 28 23 34 0 14 0 43 24 16 0 0 47 0 0 0 8 19 6 25 0 10 0 0 1 32 13 15 12 0 0 9 0 33
0 0 17 0 34 0 13 41 23 0 38 14 5 49 44 0 36 12 15 6 0 0 25 27 0 0 20 0 0 39 0 0 0 0 0 16 37 35 0 0 2 19 40 48 4 32 1 21 0
10 19 42 0 0 0 0 45 0 31 0 4 29 0 43 46 47 24 3 17 16 14 38 0 40 0 9 7 2 0 32 0 0 13 15 41 22 0 34 25 0 33 36 37 26 0 0 0 0
27 0 32 12 47 15 0 2 6 26 48 30 0 16 0 4 0 0 13 31 10 33 0 0 8 19 1 22 0 41 18 0 17 37 20 0 23 0 39 14 0 0 29 45 3 46 24 43 11
0 25 0 0 33 0 41 1 42 37 13 0 11 0 35 0 2 0 48 22 29 0 39 3 17 31 4 0 0 0 0 12 40 36 0 43 0 0 0 49 9 20 0 0 19 0 0 23 8
39 31 14 0 28 8 2 10 0 40 0 19 43 0 37 0 9 7 1 41 45 0 15 0 26 23 36 11 0 4 48 0 16 38 0 6 12 0 18 47 30 46 34 42 20 0 25 22 0
0 0 21 49 0 25 29 0 0 32 7 11 0 31 40 43 13 33 23 26 47 2 8 0 45 0 10 0 28 16 0 17 34 0 48 35 24 0 0 0 12 27 0 30 44 5 46 42 15
7 0 30 41 2 0 0 0 16 13 0 0 0 0 0 0 42 20 12 46 39 15 26 0 0 11 21 35 45 44 9 38 24 4 0 34 43 14 32 28 0 0 8 0 29 19 18 40 25
42 47 0 0 16 48 12 44 0 0 26 0 0 0 6 21 17 9 0 24 0 0 0 4 0 27 0 1 13 0 39 20 0 49 0 5 18 2 0 33 0 8 32 7 43 0 22 28 45
11 46 33 0 0 0 10 24 0 0 1 23 21 20 0 0 0 3 14 35 28 0 30 0 0 17 29 25 26 0 0 22 0 47 0 15 13 45 0 41 42 0 49 0 0 12 39 0 9
20 17 31 43 5 34 18 12 4 10 42 38 35 0 0 41 0 0 8 45 0 0 9 28 0 0 32 0 19 15 0 0 0 0 30 23 49 0 46 39 0 0 16 26 13 36 0 0 27
36 0 0 0 13 0 8 49 0 5 0 0 45 0 18 10 0 0 19 16 37 34 46 47 0 0 0 44 0 0 25 2 33 0 31 22 30 7 0 0 17 0 0 0 0 0 35 14 23
0 39 0 0 26 0 0 0 8 6 28 15 0 0 32 0 30 11 25 0 0 0 0 18 13 5 12 0 0 0 43 0 42 40 46 21 9 10 0 31 0 47 20 0 48 0 38 3 24
0 16 0 29 0 0 46 0 35 0 0 0 47 0 34 2 0 0 11 9 0 0 5 0 4 0 0 0 0 33 0 0 0 28 12 0 20 42 21 24 0 0 13 6 0 0 23 0 37
0 14 39 11 41 37 40 0 36 0 23 26 0 25 8 3 0 0 0 0 5 9 0 0 0 20 22 45 43 0 4 18 0 16 0 0 34 30 35 0 0 2 7 49 0 29 48 0 0
0 10 0 0 23 0 30 39 22 38 6 18 31 0 0 0 32 0 33 13 43 0 0 19 0 14 48 0 0 24 40 49 26 45 0 46 41 16 37 0 0 0 0 0 1 0 44 0 42
0 5 1 20 12 36 31 0 9 49 44 2 0 33 0 26 0 0 6 14 46 43 37 0 29 42 35 0 38 34 11 0 23 48 0 28 17 0 0 22 0 18 41 16 32 8 0 15 0
19 48 9 22 42 0 43 0 0 24 34 0 16 29 23 0 18 21 0 0 7 8 32 38 46 0 6 31 37 0 0 15 0 20 0 0 0 0 0 0 27 0 14 40 0 26 0 17 2
0 2 28 0 0 0 33 3 0 21 0 0 48 14 17 0 37 0 29 4 42 0 34 44 11 25 15 26 0 1 0 46 0 30 41 0 7 0 0 23 49 0 10 31 0 0 0 45 47
0 0 27 0 44 24 32 46 0 11 37 8 20 30 12 0 0 0 0 40 0 0 41 0 0 16 0 0 0 10 35 42 9 17 0 0 38 43 48 0 13 14 0 4 0 34 28 25 0
0 4 47 10 45 0 7 0 29 0 0 0 0 34 21 27 26 0 24 15 38 16 0 11 2 8 0 32 12 0 0 0 0 23 0 0 0 9 49 44 0 42 6 0 39 28 41 0 0
0 32 0 13 21 29 0 0 0 0 36 33 0 0 0 17 43 0 0 7 0 12 0 45 28 0 0 0 14 27 46 0 0 0 40 48 19 23 30 20 41 39 0 0 47 22 8 26 0
0 28 12 36 22 31 26 27 0 0 0 16 32 42 19 47 40 8 30 29 35 20 4 0 0 0 0 14 15 0 49 0 39 44 45 7 6 0 0 43 18 11 0 0 17 33 21 34 0
43 0 0 0 27 19 9 0 47 0 20 28 0 0 39 12 23 0 2 3 44 46 0 0 0 0 0 0 10 0 0 4 0 0 0 13 29 0 0 37 31 22 38 24 0 0 42 32 0
0 0 0 0 14 35 17 5 0 19 11 0 22 0 0 0 41 0 49 36 13 44 0 0 0 0 0 0 33 0 6 29 0 2 37 3 27 32 28 0 46 45 12 43 0 0 0 30 0
5 41 15 0 0 0 0 8 0 0 14 39 0 46 48 16 0 1 42 32 22 10 0 21 0 3 24 9 11 17 47 28 13 19 0 0 0 34 0 0 25 4 45 18 2 0 31 7 0
25 44 0 34 3 39 42 6 0 48 12 21 0 9 28 33 14 46 45 5 0 0 0 40 0 0 0 0 0 32 22 24 41 0 8 2 47 26 0 16 0 17 0 0 0 4 0 27 0
26 35 0 0 24 0 16 0 41 28 0 36 0 0 7 15 25 10 44 30 40 17 20 37 0 0 23 43 49 0 29 45 0 33 0 0 8 0 22 13 3 0 0 0 27 18 34 0 0
32 12 23 48 0 0 0 0 0 35 0 20 34 0 46 0 0 0 0 21 49 25 0 0 0 29 13 36 0 42 0 0 8 0 38 0 11 37 33 0 0 15 26 41 0 0 45 5 14
0 9 49 31 0 0 1 21 46 0 39 0 0 26 33 34 16 27 0 0 0 22 0 14 0 32 8 0 41 37 13 0 0 0 0 0 25 18 0 2 0 0 28 20 36 42 29 35 0
0 0 41 30 18 11 0 0 0 0 0 45 0 38 0 37 1 13 0 23 0 0 12 0 0 0 0 0 0 3 21 32 31 22 0 44 0 49 0 0 7 0 17 0 10 25 33 0 43
47 27 13 39 29 2 0 22 0 0 0 42 0 5 0 45 0 0 43 12 18 0 21 6 44 10 0 0 0 40 20 26 0 34 28 0 46 0 19 17 35 0 0 0 0 37 16 11 0
0 42 36 33 10 7 14 0 13 17 19 0 0 0 0 0 0 35 0 28 41 27 0 34 49 26 47 30 0 5 0 44 25 15 0 20 0 21 0 45 6 9 22 0 38 40 0 0 31
22 0 45 17 0 0 0 29 37 7 25 0 10 2 24 8 5 47 0 48 36 1 0 0 0 0 19 41 35 11 0 27 18 0 0 0 14 12 4 0 0 26 39 3 15 0 13 6 49