9  4  24 15 8  34 17 26 16 31 7  28 19 25 20 1  12 18 6  11 2  3  23 14 33 29 21 10 32 30 36 27 5  35 13 22
10 1  21 27 31 5  4  18 9  25 33 23 3  34 30 16 36 17 7  26 28 24 32 22 13 19 35 20 15 8  11 2  14 29 12 6
30 33 19 28 11 36 32 22 20 1  27 14 9  24 29 13 5  23 15 18 10 35 12 25 34 3  4  6  2  26 17 8  21 7  31 16
29 35 32 6  23 14 21 12 36 5  10 13 31 8  27 2  11 26 30 19 16 1  20 34 17 7  18 25 28 22 24 4  15 3  9  33
22 13 16 26 20 12 8  3  15 19 2  6  4  32 28 35 21 7  36 17 33 29 27 31 11 5  24 14 9  1  10 30 18 23 25 34
18 25 2  3  7  17 24 34 35 30 29 11 22 15 10 33 6  14 4  9  5  13 21 8  12 31 27 16 23 36 32 19 26 20 28 1
12 9  23 29 5  21 14 6  2  11 26 8  10 20 19 17 25 4  33 1  24 16 7  28 18 32 3  13 35 27 34 31 30 36 22 15
8  14 17 7  33 32 30 36 1  28 3  34 2  27 21 23 13 15 29 5  26 10 18 19 20 24 12 31 22 16 4  35 25 6  11 9
24 22 10 4  18 20 16 32 5  29 13 25 6  11 1  30 34 35 9  3  31 21 15 36 2  28 23 17 26 19 14 33 8  12 27 7
15 19 36 35 25 27 23 9  22 20 24 33 32 31 5  3  29 28 12 34 8  2  14 17 7  11 6  30 1  4  18 10 13 26 16 21
2  31 30 34 3  6  27 15 4  17 19 12 18 9  26 7  33 16 35 32 13 11 22 20 25 14 10 8  36 21 1  29 28 24 5  23
11 16 13 1  26 28 31 7  21 10 18 35 36 12 8  14 24 22 27 23 6  30 25 4  15 9  33 5  34 29 3  20 17 19 32 2
34 36 27 24 14 23 25 1  10 32 17 2  29 33 7  15 26 6  31 12 18 5  28 16 19 22 8  35 4  13 20 9  3  30 21 11
35 20 28 25 32 9  19 24 6  16 8  31 14 5  34 11 10 30 1  27 15 23 13 2  3  12 26 21 33 7  22 36 29 4  17 18
3  21 1  10 19 18 22 35 27 13 11 30 24 2  4  32 8  25 20 7  9  34 33 26 36 17 14 29 5  15 16 23 12 28 6  31
5  29 11 31 4  7  12 23 3  26 34 15 13 16 17 21 20 36 10 25 22 19 35 6  24 2  9  28 30 18 33 1  27 32 14 8
6  12 8  17 13 16 5  28 33 9  36 29 35 23 31 22 18 19 14 30 21 4  3  11 32 25 34 1  27 20 26 7  2  15 24 10
33 15 22 30 2  26 18 4  7  14 20 21 27 28 9  12 1  3  24 29 36 8  17 32 16 6  11 23 31 10 25 13 19 34 35 5
27 8  33 16 29 15 2  14 12 4  31 1  11 26 32 9  19 10 34 36 25 6  30 24 35 23 7  18 17 28 21 5  22 13 3  20
7  18 9  5  10 3  34 29 32 15 21 22 25 4  24 36 31 27 11 35 20 28 8  23 30 26 16 12 13 2  6  17 33 14 1  19
21 24 20 32 36 13 35 30 23 3  16 18 7  14 12 6  22 29 5  2  17 26 10 33 1  8  19 4  25 31 28 34 11 9  15 27
23 34 26 2  1  22 10 17 11 24 28 20 33 21 15 8  3  13 19 14 7  31 16 12 29 27 5  9  6  32 30 18 36 25 4  35
17 30 12 14 6  31 33 27 19 7  25 9  1  35 23 34 28 5  13 4  3  15 29 18 21 36 22 11 20 24 2  16 10 8  26 32
25 11 4  19 28 35 26 13 8  36 6  5  30 17 18 20 16 2  22 21 32 27 1  9  10 34 15 33 14 3  29 12 23 31 7  24
16 5  14 21 22 24 13 20 26 23 9  4  15 10 25 27 2  34 17 31 35 18 36 3  6  30 29 7  11 12 8  32 1  33 19 28
1  2  34 8  27 25 29 16 28 21 35 19 5  7  22 4  30 11 26 33 12 32 6  15 9  20 31 3  18 23 13 14 24 10 36 17
20 17 31 18 9  19 36 5  34 2  1  24 16 13 3  29 32 12 25 10 23 7  11 21 14 33 28 15 8  35 27 26 6  22 30 4
36 10 7  23 35 29 15 25 17 33 12 32 28 1  6  26 14 20 2  8  19 22 9  30 27 4  13 24 21 5  31 11 34 16 18 3
32 6  3  11 12 33 7  31 30 8  22 10 23 18 35 19 17 24 28 13 34 14 4  27 26 1  2  36 16 25 5  15 9  21 20 29
26 28 15 13 30 4  3  11 18 6  14 27 8  36 33 31 9  21 16 24 1  20 5  29 22 10 17 32 19 34 7  25 35 2  23 12
13 3  25 36 21 2  28 33 31 35 23 16 26 19 14 5  7  8  18 6  11 12 34 1  4  15 20 22 10 17 9  24 32 27 29 30
4  32 5  22 34 8  20 10 24 18 30 17 12 3  16 25 27 1  23 15 14 33 26 7  28 21 36 19 29 9  35 6  31 11 2  13
28 23 29 33 16 30 9  2  14 12 15 36 21 22 11 18 35 31 32 20 27 17 24 10 5  13 25 34 7  6  19 3  4  1  8  26
14 26 18 12 17 11 6  19 25 22 4  7  20 29 2  10 23 32 3  28 30 9  31 13 8  35 1  27 24 33 15 21 16 5  34 36
19 27 6  20 15 10 1  8  13 34 5  3  17 30 36 24 4  9  21 22 29 25 2  35 31 16 32 26 12 11 23 28 7  18 33 14
31 7  35 9  24 1  11 21 29 27 32 26 34 6  13 28 15 33 8  16 4  36 19 5  23 18 30 2  3  14 12 22 20 17 10 25